Posting Date,Value Date,Description,Debits,Credits,Balance
20-01-2021,20-01-2021, NAPS RBX_SSQ66100G29-_NAPS_9100795196350 IDEJO N-10079519635/CoInsurance:CITI:: -TR:,,1927289.79,1927289.79
20-01-2021,20-01-2021, NAPS RBX_OYA66513URF-_NAPS_9100795196360 IDEJO N-10079519636/CoInsurance:CITI:: -TR:,,4508365.8,6435655.59
20-01-2021,20-01-2021, NAPS RBX_95H67079QGR-_NAPS_9100795196460 IDEJO N-10079519646/CoInsurance:CITI:: -TR:,,1067016.4,7502671.99
20-01-2021,20-01-2021, 000002312221 NG1RTGX210200427 COINSURANCE IDEJO LEADWAY ASSURANCE COMPANY LIMITED CITINGLA,,114682328.7,122185000.6
20-01-2021,20-01-2021, NAPS RBX_FCT2349804E-_NAPS_9100795278680 IDEJO N-10079527868/CoInsurance:CITI:: -TR:,,935229.53,123120230.2
20-01-2021,20-01-2021, NAPS RBX_7P5360843V7-_NAPS_9100795355170 IDEJO N-10079535517/CoInsurance:CITI:: -TR:,,20138496.52,143258726.7
05-02-2021,05-02-2021, 01170257-05-FEB-21-3  IDEJO CHRG FOR RTGS TRF IFO TISRT TRUSTEES/SIBTC BOND/UB,1021.25,,143257705.4
05-02-2021,05-02-2021, 01170257-05-FEB-21-1  IDEJO RTGS TRF IFO UBA NOM FIRST TRUSTEES SIBTC BOND/UBA,143000000,,257705.44
10-02-2021,10-02-2021, NAPS RBX_5PB76673H6R-_NAPS_9100810269600 IDEJO N-10081026960/CoInsurance:CITI:: -TR:,,1017803,1275508.44
24-02-2021,23-02-2021, 000013210223185226000011590457 RBX_-AXA MANSARD INSURANCE PLC IDEJO PVN46677E BEING PREMIUM DUE TO STANBIC IBTC INSURA,,3763555.35,5039063.79
02-03-2021,02-03-2021, NAPS RBX_FCO7016613N-_NAPS_9100823463950 IDEJO N-10082346395/CoInsurance:CITI:: -TR:,,61100.09,5100163.88
26-03-2021,26-03-2021, NAPS RBX_7W634006PHL-_NAPS_9100838488160 IDEJO N-10083848816/CoInsurance:CITI:: -TR:,,261942.85,5362106.73
07-04-2021,07-04-2021, NAPS RBX_7C804547ODK-_NAPS_9100849824430 IDEJO N-10084982443/CoInsurance:CITI:: -TR:,,184112.28,5546219.01
30-04-2021,30-04-2021," 01424832-30-APR-21-1  IDEJO REFUND N5,546,219.01FROM SIIL ANNUITY ACCOUNT TO S",5546219.01,,0
18-05-2021,18-05-2021, S74914945-18-MAY-21-31  IDEJO APRIL 2021 EZ CASH PREMIUM {UNSWEPT},,244.65,244.65
18-05-2021,18-05-2021, S74914945-18-MAY-21-33  IDEJO APRIL 2021 EZ CASH PREMIUM {UNSWEPT},,1050,1294.65
18-05-2021,18-05-2021, S74914945-18-MAY-21-38  IDEJO APRIL 2021 EZ CASH PREMIUM {UNSWEPT},,3391.32,4685.97
18-05-2021,18-05-2021, S74914945-18-MAY-21-37  IDEJO APRIL 2021 EZ CASH PREMIUM {UNSWEPT},,3202.89,7888.86
18-05-2021,18-05-2021, S74914945-18-MAY-21-36  IDEJO APRIL 2021 EZ CASH PREMIUM {UNSWEPT},,486.99,8375.85
18-05-2021,18-05-2021, S74914945-18-MAY-21-35  IDEJO APRIL 2021 EZ CASH PREMIUM {UNSWEPT},,2980.2,11356.05
18-05-2021,18-05-2021, S74914945-18-MAY-21-34  IDEJO APRIL 2021 EZ CASH PREMIUM {UNSWEPT},,2240.14,13596.19
18-05-2021,18-05-2021, S74914945-18-MAY-21-32  IDEJO APRIL 2021 EZ CASH PREMIUM {UNSWEPT},,233.53,13829.72
18-05-2021,18-05-2021, S74914945-18-MAY-21-40  IDEJO APRIL 2021 EZ CASH PREMIUM {UNSWEPT},,59.61,13889.33
18-05-2021,18-05-2021, S74914945-18-MAY-21-41  IDEJO APRIL 2021 EZ CASH PREMIUM {UNSWEPT},,522.99,14412.32
18-05-2021,18-05-2021, S74914945-18-MAY-21-42  IDEJO APRIL 2021 EZ CASH PREMIUM {UNSWEPT},,154,14566.32
18-05-2021,18-05-2021, S74914945-18-MAY-21-39  IDEJO APRIL 2021 EZ CASH PREMIUM {UNSWEPT},,781.44,15347.76
18-05-2021,18-05-2021, S74914945-18-MAY-21-45  IDEJO APRIL 2021 EZ CASH PREMIUM {UNSWEPT},,626.5,15974.26
18-05-2021,18-05-2021, S74914945-18-MAY-21-46  IDEJO APRIL 2021 EZ CASH PREMIUM {UNSWEPT},,609.7,16583.96
18-05-2021,18-05-2021, S74914945-18-MAY-21-43  IDEJO APRIL 2021 EZ CASH PREMIUM {UNSWEPT},,573.31,17157.27
18-05-2021,18-05-2021, S74914945-18-MAY-21-44  IDEJO APRIL 2021 EZ CASH PREMIUM {UNSWEPT},,439.26,17596.53
18-05-2021,18-05-2021, S74914945-18-MAY-21-47  IDEJO APRIL 2021 EZ CASH PREMIUM {UNSWEPT},,432.31,18028.84
18-05-2021,18-05-2021, S74914945-18-MAY-21-51  IDEJO APRIL 2021 EZ CASH PREMIUM,,5413794.98,5431823.82
18-05-2021,18-05-2021, S74914945-18-MAY-21-49  IDEJO APRIL 2021 EZ CASH PREMIUM {UNSWEPT},,549.2,5432373.02
18-05-2021,18-05-2021, S74914945-18-MAY-21-48  IDEJO APRIL 2021 EZ CASH PREMIUM {UNSWEPT},,1253.22,5433626.24
21-06-2021,21-06-2021, S11122102-21-JUN-21-12  IDEJO SIIL MAY 2021 PLPP,,542866.3,5976492.54
21-06-2021,21-06-2021, S11105895-21-JUN-21-32  IDEJO MAY 2021 EZ CASH PREMIUM {UNSWEPT},,87085.51,6063578.05
21-06-2021,21-06-2021, S11105895-21-JUN-21-29  IDEJO MAY 2021 EZ CASH PREMIUM {UNSWEPT},,70,6063648.05
21-06-2021,21-06-2021, S11105895-21-JUN-21-30  IDEJO MAY 2021 EZ CASH PREMIUM {UNSWEPT},,152.24,6063800.29
21-06-2021,21-06-2021, S11105895-21-JUN-21-31  IDEJO MAY 2021 EZ CASH PREMIUM {UNSWEPT},,1585.04,6065385.33
21-06-2021,21-06-2021, S11105895-21-JUN-21-33  IDEJO MAY 2021 EZ CASH PREMIUM {UNSWEPT},,345.61,6065730.94
21-06-2021,21-06-2021, S11105895-21-JUN-21-34  IDEJO MAY 2021 EZ CASH PREMIUM {UNSWEPT},,280,6066010.94
21-06-2021,21-06-2021, S11105895-21-JUN-21-37  IDEJO MAY 2021 EZ CASH PREMIUM {UNSWEPT},,698.18,6066709.12
21-06-2021,21-06-2021, S11105895-21-JUN-21-36  IDEJO MAY 2021 EZ CASH PREMIUM {UNSWEPT},,104.67,6066813.79
21-06-2021,21-06-2021, S11105895-21-JUN-21-47  IDEJO MAY 2021 EZ CASH PREMIUM {UNSWEPT},,175,6066988.79
21-06-2021,21-06-2021, S11105895-21-JUN-21-38  IDEJO MAY 2021 EZ CASH PREMIUM {UNSWEPT},,541.26,6067530.05
21-06-2021,21-06-2021, S11105895-21-JUN-21-39  IDEJO MAY 2021 EZ CASH PREMIUM {UNSWEPT},,294,6067824.05
21-06-2021,21-06-2021, S11105895-21-JUN-21-40  IDEJO MAY 2021 EZ CASH PREMIUM {UNSWEPT},,406.79,6068230.84
21-06-2021,21-06-2021, S11105895-21-JUN-21-46  IDEJO MAY 2021 EZ CASH PREMIUM {UNSWEPT},,863.91,6069094.75
21-06-2021,21-06-2021, S11105895-21-JUN-21-42  IDEJO MAY 2021 EZ CASH PREMIUM {UNSWEPT},,460.82,6069555.57
21-06-2021,21-06-2021, S11105895-21-JUN-21-43  IDEJO MAY 2021 EZ CASH PREMIUM {UNSWEPT},,163.4,6069718.97
21-06-2021,21-06-2021, S11105895-21-JUN-21-35  IDEJO MAY 2021 EZ CASH PREMIUM {UNSWEPT},,525,6070243.97
21-06-2021,21-06-2021, S11105895-21-JUN-21-44  IDEJO MAY 2021 EZ CASH PREMIUM {UNSWEPT},,105,6070348.97
21-06-2021,21-06-2021, S11105895-21-JUN-21-45  IDEJO MAY 2021 EZ CASH PREMIUM {UNSWEPT},,70,6070418.97
21-06-2021,21-06-2021, S11105895-21-JUN-21-41  IDEJO MAY 2021 EZ CASH PREMIUM {UNSWEPT},,606.48,6071025.45
21-06-2021,21-06-2021, S11105895-21-JUN-21-51  IDEJO MAY 2021 EZ CASH PREMIUM {UNSWEPT},,276.93,6071302.38
21-06-2021,21-06-2021, S11105895-21-JUN-21-49  IDEJO MAY 2021 EZ CASH PREMIUM {UNSWEPT},,700,6072002.38
21-06-2021,21-06-2021, S11105895-21-JUN-21-50  IDEJO MAY 2021 EZ CASH PREMIUM {UNSWEPT},,439.38,6072441.76
21-06-2021,21-06-2021, S11105895-21-JUN-21-52  IDEJO MAY 2021 EZ CASH PREMIUM {UNSWEPT},,350,6072791.76
21-06-2021,21-06-2021, S11105895-21-JUN-21-55  IDEJO MAY 2021 EZ CASH PREMIUM,,13118563.49,19191355.25
21-06-2021,21-06-2021, S11105895-21-JUN-21-54  IDEJO MAY 2021 EZ CASH PREMIUM {UNSWEPT},,70,19191425.25
21-06-2021,21-06-2021, S11105895-21-JUN-21-53  IDEJO MAY 2021 EZ CASH PREMIUM {UNSWEPT},,964.32,19192389.57
25-06-2021,25-06-2021, 01211453-25-JUN-21-1  IDEJO REV OF INSURANCE PREMIUM ON EZ CASH - 0010587011,2170,,19190219.57
30-06-2021,30-06-2021, Interest run  IDEJO 0037134164:WTax.Pd:01-06-2021to 30-06-2021,368.04,,19189851.53
30-06-2021,30-06-2021, Interest run  IDEJO 0037134164:Int.Pd:01-06-2021 to 30-06-2021,,3680.38,19193531.91
22-07-2021,22-07-2021, S35745069-22-JUL-21-4  IDEJO JUNE 2021 EZ CASH PREMIUM,,10716778.45,29910310.36
22-07-2021,22-07-2021, S35745069-22-JUL-21-3  IDEJO JUNE 2021 EZ CASH PREMIUM {UNSWEPT},,393.06,29910703.42
22-07-2021,22-07-2021, S35746052-22-JUL-21-26  IDEJO SIIL JUNE 2021 PLPP,,11805632.1,41716335.52
27-07-2021,27-07-2021, 01104971-27-JUL-21-1  IDEJO REFUND TO GROUP LIFE ACCOUNT IRO EZ CASH COMMISSIO,3356914.19,,38359421.33
31-07-2021,31-07-2021, Interest run  IDEJO 0037134164:WTax.Pd:01-07-2021to 31-07-2021,2201.21,,38357220.12
31-07-2021,31-07-2021, Interest run  IDEJO 0037134164:Int.Pd:01-07-2021 to 31-07-2021,,22012.13,38379232.25
25-08-2021,25-08-2021, 0199321-25-AUG-21-1  IDEJO REFUND OF WHT JULY 2021,108672.52,,38270559.73
25-08-2021,25-08-2021, 0199321-25-AUG-21-3  IDEJO REFUND OF WHT JULY 2021,264317.94,,38006241.79
31-08-2021,31-08-2021, Interest run  IDEJO 0037134164:WTax.Pd:01-08-2021to 31-08-2021,3252.45,,38002989.34
31-08-2021,31-08-2021, Interest run  IDEJO 0037134164:Int.Pd:01-08-2021 to 31-08-2021,,32524.53,38035513.87
